"country_code","country","date","GE.EST","NY.GDP.PCAP.CD","SE.SEC.CUAT.UP.ZS","SL.UEM.TOTL.NE.ZS","SP.DYN.TFRT.IN"
"ALB","Albania",2012,-0.26892501115799,4247.63134315945,45.2799987792969,13.376,1.692
"ALB","Albania",2013,-0.324457377195358,4413.06338346821,43.7557601928711,15.866,1.697
"ALB","Albania",2014,-0.0497708097100258,4578.63320812155,45.9827041625977,18.055,1.674
"ALB","Albania",2015,0.0275752544403076,3952.80357364813,48.1863632202148,17.193,1.613
"ALB","Albania",2016,0.0290823616087437,4124.05538986272,46.9845199584961,15.418,1.551
"ALB","Albania",2017,0.0985528454184532,4531.03220675893,46.3533401489258,13.616,1.491
"ALB","Albania",2018,0.0805245339870453,5365.48934672897,49.8858070373535,12.304,1.44
"ALB","Albania",2019,-0.0623007006943226,5460.42823730592,50.7128944396973,11.466,1.414
"ALB","Albania",2020,-0.155121222138405,5370.77862312929,NA,NA,1.4
"ALB","Albania",2021,-0.0359850227832794,6413.28328605026,51.8425102233887,NA,1.39
"ALB","Albania",2022,0.0645405352115631,6846.42614266044,53.2684860229492,NA,1.376
"AND","Andorra",2012,1.52334606647491,41500.5435791686,NA,NA,NA
"AND","Andorra",2013,1.53249549865723,42470.3161159692,NA,NA,NA
"AND","Andorra",2014,1.71216595172882,44369.659691379,47.8400001525879,NA,NA
"AND","Andorra",2015,1.74073541164398,38654.9347203095,47.5499992370605,NA,NA
"AND","Andorra",2016,1.80540561676025,40129.8192007698,47.3499984741211,NA,NA
"AND","Andorra",2017,1.87694644927979,40672.9943348258,NA,NA,NA
"AND","Andorra",2018,1.87921941280365,42819.7745797624,NA,NA,NA
"AND","Andorra",2019,1.85192060470581,41257.8045846483,NA,NA,NA
"AND","Andorra",2020,1.7492413520813,37361.0900666982,NA,NA,NA
"AND","Andorra",2021,1.74892807006836,42425.6996756291,NA,NA,NA
"AND","Andorra",2022,1.49526071548462,42414.0590092117,61.2200012207031,NA,NA
"ARM","Armenia",2012,-0.0323866233229637,3511.56399687426,92.0870971679688,17.511,1.6
"ARM","Armenia",2013,0.0783172845840454,3680.16692158886,92.9916763305664,16.576,1.6
"ARM","Armenia",2014,-0.257329761981964,3852.11800610384,93.0568771362305,17.499,1.703
"ARM","Armenia",2015,-0.331789612770081,3512.39350276709,91.8399963378906,18.261,1.602
"ARM","Armenia",2016,-0.31255441904068,3524.42476874707,NA,17.617,1.626
"ARM","Armenia",2017,-0.251550018787384,3869.05373867752,90.0999984741211,17.705,1.562
"ARM","Armenia",2018,-0.170582666993141,4196.00562301769,94.4654541015625,10.589,1.572
"ARM","Armenia",2019,-0.226045966148376,4597.22887399548,94.7464752197266,9.794,1.575
"ARM","Armenia",2020,-0.304547429084778,4268.68093304583,89.879997253418,8.055,1.575
"ARM","Armenia",2021,-0.282197445631027,4685.17997128509,94.7174606323242,8.418,1.575
"ARM","Armenia",2022,-0.314792364835739,6571.97445545099,95.5666809082031,NA,1.575
"AUT","Austria",2012,1.56018972396851,48250.4059142637,76.9800033569336,4.909,1.44
"AUT","Austria",2013,1.57137954235077,50305.3545774973,77.3099975585938,5.367,1.44
"AUT","Austria",2014,1.5529956817627,51314.9722616322,78.4300003051758,5.674,1.46
"AUT","Austria",2015,1.4509791135788,43915.228020857,79.0100021362305,5.802,1.49
"AUT","Austria",2016,1.47481060028076,45061.4993920192,79.370002746582,6.064,1.53
"AUT","Austria",2017,1.46775150299072,47163.7425775142,79.6600036621094,5.561,1.52
"AUT","Austria",2018,1.45611667633057,51194.0749841299,80.0708312988281,4.933,1.47
"AUT","Austria",2019,1.49212622642517,49885.9947355204,80.6699981689453,4.56,1.46
"AUT","Austria",2020,1.60586321353912,48716.4098900349,80.9440231323242,5.201,1.44
"AUT","Austria",2021,1.52829468250275,53648.7190742245,81.4542465209961,6.459,1.48
"AUT","Austria",2022,1.46492278575897,52176.6649141178,82.0893325805664,4.992,1.41
"AZE","Azerbaijan",2012,-0.790763437747955,7495.86527658099,88.7099990844727,5.19,2
"AZE","Azerbaijan",2013,-0.452178388834,7875.34536661549,88.7200012207031,4.97,1.98
"AZE","Azerbaijan",2014,-0.313590198755264,7890.84028062087,88.7099990844727,4.91,1.97
"AZE","Azerbaijan",2015,-0.258792459964752,5500.50364628486,88.6699981689453,4.96,1.94
"AZE","Azerbaijan",2016,-0.159376382827759,3880.6852276838,88.6600036621094,5,1.9
"AZE","Azerbaijan",2017,-0.171380609273911,4147.1981423222,88.5,5,1.75
"AZE","Azerbaijan",2018,-0.145130529999733,4739.7943123408,88.4300003051758,4.9,1.73
"AZE","Azerbaijan",2019,-0.128162756562233,4805.75371765917,88.4199981689453,5,1.81
"AZE","Azerbaijan",2020,-0.15526370704174,4229.91064904503,NA,7.24,1.7
"AZE","Azerbaijan",2021,0.213475212454796,5408.04535175023,92.0473937988281,6.04,1.52
"AZE","Azerbaijan",2022,-0.0412070974707603,7770.594223351,92.9022064208984,5.65,1.67
"BEL","Belgium",2012,1.67117416858673,44874.1709182123,63.2099990844727,7.542,1.8
"BEL","Belgium",2013,1.70195496082306,46964.5946777056,64.2799987792969,8.425,1.76
"BEL","Belgium",2014,1.51735270023346,47995.7786961339,64.0199966430664,8.523,1.74
"BEL","Belgium",2015,1.52944529056549,40893.804537772,66.2099990844727,8.482,1.7
"BEL","Belgium",2016,1.39763832092285,41854.5498296444,67.0800018310547,7.83,1.68
"BEL","Belgium",2017,1.24078404903412,44035.3239358548,69.1500015258789,7.09,1.65
"BEL","Belgium",2018,1.22463178634644,47487.2100392561,70.8456954956055,5.941,1.62
"BEL","Belgium",2019,1.11331832408905,46716.6227467964,71.4499969482422,5.364,1.6
"BEL","Belgium",2020,1.07823526859283,45906.2875805246,72.7141799926758,5.545,1.55
"BEL","Belgium",2021,1.08557260036469,51655.7883303715,74.2476806640625,6.248,1.6
"BEL","Belgium",2022,1.22718644142151,50807.2047084918,75.1261901855469,5.57,1.53
"BGR","Bulgaria",2012,-0.0283869281411171,7430.7373804242,72.4800033569336,12.27,1.5
"BGR","Bulgaria",2013,-0.0132329864427447,7687.71368243317,73.9400024414062,12.941,1.48
"BGR","Bulgaria",2014,-0.112378895282745,7912.27484371138,73.8099975585938,11.424,1.53
"BGR","Bulgaria",2015,-0.0125585971400142,7078.86032298969,74.9100036621094,9.143,1.53
"BGR","Bulgaria",2016,0.0888326391577721,7570.93165511708,75.5999984741211,7.575,1.54
"BGR","Bulgaria",2017,0.0980096459388733,8381.88134621669,76.4499969482422,6.164,1.56
"BGR","Bulgaria",2018,0.111848846077919,9436.14479876055,76.9173965454102,5.211,1.56
"BGR","Bulgaria",2019,0.173703476786613,9838.60058985384,77.1142807006836,4.23,1.58
"BGR","Bulgaria",2020,-0.214027836918831,10198.5388313404,77.7799987792969,5.125,1.56
"BGR","Bulgaria",2021,-0.173440277576447,12274.0775950496,78.4247741699219,5.267,1.58
"BGR","Bulgaria",2022,-0.271232962608337,13644.201582807,79.3163833618164,4.268,1.78
"BIH","Bosnia and Herzegovina",2012,-0.454691231250763,4693.78899115381,57.8995628356934,28.01,1.29
"BIH","Bosnia and Herzegovina",2013,-0.433313488960266,5034.56616016469,59.1528739929199,27.49,1.276
"BIH","Bosnia and Herzegovina",2014,-0.492096722126007,5206.06558252,59.5699996948242,27.517,1.262
"BIH","Bosnia and Herzegovina",2015,-0.624794006347656,4662.25883724069,60.8300018310547,27.695,1.289
"BIH","Bosnia and Herzegovina",2016,-0.452135771512985,4928.5665251728,62.3800010681152,25.408,1.324
"BIH","Bosnia and Herzegovina",2017,-0.519017219543457,5345.01985489192,61.7171287536621,20.527,1.355
"BIH","Bosnia and Herzegovina",2018,-0.670872628688812,6047.84584261133,63.5099983215332,18.4,1.384
"BIH","Bosnia and Herzegovina",2019,-0.706423223018646,6122.3753450882,62.900218963623,15.692,1.368
"BIH","Bosnia and Herzegovina",2020,-1.07570326328278,6130.31133245161,69.0899963378906,15.868,1.359
"BIH","Bosnia and Herzegovina",2021,-1.07316851615906,7295.3438240957,71.1498184204102,14.897,1.35
"BIH","Bosnia and Herzegovina",2022,-1.06496071815491,7655.59421024383,72.3199996948242,12.657,1.346
"BLR","Belarus",2012,-0.972218334674835,6953.21591683101,NA,0.5,1.62
"BLR","Belarus",2013,-0.962117969989777,7998.0802045456,NA,0.5,1.668
"BLR","Belarus",2014,-0.490350842475891,8341.29014337961,NA,0.5,1.696
"BLR","Belarus",2015,-0.489229083061218,5967.06856034227,NA,1,1.724
"BLR","Belarus",2016,-0.513944447040558,5039.77560949445,96.844367980957,5.844,1.733
"BLR","Belarus",2017,-0.357744187116623,5785.53397723676,97.1415481567383,5.648,1.541
"BLR","Belarus",2018,-0.297942787408829,6360.05310087258,97.4142684936523,4.763,1.448
"BLR","Belarus",2019,-0.174483388662338,6837.76832136779,94.7399978637695,4.165,1.382
"BLR","Belarus",2020,-0.829658210277557,6542.8645398436,97.6255874633789,4.049,1.474
"BLR","Belarus",2021,-0.804153621196747,7489.71894713888,97.5256881713867,3.9,1.483
"BLR","Belarus",2022,-0.851723372936249,7994.64806074889,97.8953857421875,3.574,1.495
"CHE","Switzerland",2012,1.88282430171967,85836.2076767359,82.4800033569336,4.491,1.52
"CHE","Switzerland",2013,1.81637847423553,87304.3305813557,85.179443359375,4.747,1.52
"CHE","Switzerland",2014,2.10431861877441,88724.9909402638,84.6399993896484,4.826,1.54
"CHE","Switzerland",2015,1.96745336055756,83806.4476003837,85.1900024414062,4.801,1.54
"CHE","Switzerland",2016,1.97178089618683,82153.0745447889,84.5400009155273,4.918,1.54
"CHE","Switzerland",2017,2.01780319213867,82254.3769269767,84.8302459716797,4.797,1.52
"CHE","Switzerland",2018,1.99707686901093,85217.3691512274,85.6800003051758,4.713,1.52
"CHE","Switzerland",2019,1.91622769832611,84121.9310304414,86.6500015258789,4.394,1.48
"CHE","Switzerland",2020,1.97202301025391,85897.7843338323,86.8700637817383,4.817,1.46
"CHE","Switzerland",2021,1.99079787731171,93446.4344518943,84.5627288818359,5.013,1.52
"CHE","Switzerland",2022,2.04943490028381,93245.7952120851,83.9166259765625,4.122,1.39
"CHI","Channel Islands",2012,NA,58813.9366544241,NA,NA,1.604
"CHI","Channel Islands",2013,NA,59304.8512474695,NA,NA,1.572
"CHI","Channel Islands",2014,NA,64700.7425701916,NA,NA,1.556
"CHI","Channel Islands",2015,NA,61852.0736534587,NA,NA,1.521
"CHI","Channel Islands",2016,NA,55950.1485360363,NA,NA,1.507
"CHI","Channel Islands",2017,NA,55806.5709126142,NA,NA,1.466
"CHI","Channel Islands",2018,NA,60783.3533081111,NA,NA,1.435
"CHI","Channel Islands",2019,NA,60568.1085272721,NA,NA,1.441
"CHI","Channel Islands",2020,NA,56785.9402392525,NA,NA,1.447
"CHI","Channel Islands",2021,NA,66912.1750054447,NA,NA,1.457
"CHI","Channel Islands",2022,NA,67627.3082341446,NA,NA,1.469
"CYP","Cyprus",2012,1.38360106945038,28991.935546875,68.9199981689453,12.097,1.386
"CYP","Cyprus",2013,1.35990357398987,27797.45703125,69.8899993896484,16.131,1.305
"CYP","Cyprus",2014,1.13519954681396,27244.3515625,69.5,16.277,1.315
"CYP","Cyprus",2015,1.0175507068634,23487.228515625,69.0500030517578,15.026,1.326
"CYP","Cyprus",2016,0.926266729831696,24715.154296875,71.1600036621094,13.006,1.36
"CYP","Cyprus",2017,0.88537871837616,26696.990234375,71.8100051879883,11.155,1.322
"CYP","Cyprus",2018,0.883620500564575,29599.986328125,72.9800033569336,8.504,1.32
"CYP","Cyprus",2019,0.955758094787598,29703.052734375,73.3407135009766,7.155,1.332
"CYP","Cyprus",2020,0.839448511600494,28649.015625,74.4700012207031,7.755,1.328
"CYP","Cyprus",2021,0.697915256023407,33734.29296875,76.4442138671875,7.513,1.321
"CYP","Cyprus",2022,0.730335235595703,33938.9453125,77.655143737793,6.807,1.311
"CZE","Czechia",2012,0.921718597412109,20014.0354015165,88.5299987792969,6.979,1.45
"CZE","Czechia",2013,0.915809273719788,20260.4954999375,89.1600036621094,6.953,1.46
"CZE","Czechia",2014,1.03113341331482,20038.4163180257,89.629997253418,6.108,1.53
"CZE","Czechia",2015,1.02559614181519,17931.5987670768,89.7699966430664,5.048,1.57
"CZE","Czechia",2016,1.00811576843262,18753.9686718096,90.2300033569336,3.952,1.63
"CZE","Czechia",2017,1.03059422969818,20913.197632212,90.5800018310547,2.893,1.69
"CZE","Czechia",2018,0.951154172420502,23705.9329811299,90.5812530517578,2.246,1.71
"CZE","Czechia",2019,0.919642746448517,24062.7190013343,90.6699981689453,2.015,1.71
"CZE","Czechia",2020,0.910964906215668,23472.8915454417,90.9993286132812,2.551,1.74
"CZE","Czechia",2021,1.06974017620087,27696.4619527544,91.4344177246094,2.803,1.83
"CZE","Czechia",2022,1.09341883659363,28282.2236715857,91.1693878173828,2.224,1.61774660294866
"DEU","Germany",2012,1.53097581863403,44735.5882319701,82.0500030517578,5.372,1.41
"DEU","Germany",2013,1.51041460037231,47220.0102098851,82.3099975585938,5.316,1.42
"DEU","Germany",2014,1.6648246049881,48971.0824722599,83,4.98,1.47
"DEU","Germany",2015,1.65639758110046,41911.0109851054,83.0800018310547,4.612,1.5
"DEU","Germany",2016,1.66018795967102,42961.0356905775,83.0100021362305,4.104,1.6
"DEU","Germany",2017,1.61311173439026,45526.5999576533,82.9806747436523,3.781,1.57
"DEU","Germany",2018,1.52356374263763,48874.8595028454,83.4599990844727,3.384,1.57
"DEU","Germany",2019,1.49534583091736,47623.8656074829,83.5707550048828,3.163,1.54
"DEU","Germany",2020,1.31368815898895,47379.765194548,83.6999969482422,3.881,1.53
"DEU","Germany",2021,1.28911292552948,52265.6541620571,80.9400482177734,3.594,1.58
"DEU","Germany",2022,1.28929960727692,49686.1154582583,80.7969970703125,3.12,1.455
"DNK","Denmark",2012,1.98699104785919,58443.7747103968,76,7.798,1.73
"DNK","Denmark",2013,1.94326293468475,61377.5940590412,76.5500030517578,7.384,1.67
"DNK","Denmark",2014,1.78492867946625,62520.4509747011,76.8399963378906,6.925,1.69
"DNK","Denmark",2015,1.79474246501923,53094.0133607574,77.75,6.278,1.71
"DNK","Denmark",2016,1.82117700576782,54500.9260410217,78.1800003051758,5.989,1.79
"DNK","Denmark",2017,1.74683058261871,57521.5514992225,75.21484375,5.833,1.75
"DNK","Denmark",2018,1.81060206890106,61324.7665045565,79.2799987792969,5.131,1.73
"DNK","Denmark",2019,1.87326776981354,59404.2663247723,76.0538482666016,5.018,1.7
"DNK","Denmark",2020,1.8400673866272,60985.4885601514,79.3199996948242,5.637,1.68
"DNK","Denmark",2021,1.95973408222198,69727.9873677012,77.0769271850586,5.043,1.72
"DNK","Denmark",2022,1.9901350736618,68091.3191138669,76.8023986816406,4.434,1.55
"ESP","Spain",2012,1.05716216564178,28456.4438151477,45.5999984741211,24.789,1.32
"ESP","Spain",2013,1.16768598556519,29218.9105170888,46.8258819580078,26.094,1.27
"ESP","Spain",2014,1.1732976436615,29694.8874886229,47.2400016784668,24.441,1.32
"ESP","Spain",2015,1.15725028514862,25969.8383138327,47.8600006103516,22.057,1.33
"ESP","Spain",2016,1.0948657989502,26740.6851818829,48.6500015258789,19.635,1.34
"ESP","Spain",2017,1.00125849246979,28367.9392609439,49.8653259277344,17.224,1.31
"ESP","Spain",2018,0.969246029853821,30592.1264795541,50.4199981689453,15.255,1.26
"ESP","Spain",2019,0.968808770179749,29776.2011500384,52.1955718994141,14.105,1.23
"ESP","Spain",2020,0.853928565979004,27230.3599933583,53.2599983215332,15.532,1.19
"ESP","Spain",2021,0.907896876335144,30817.6828559001,54.9879417419434,14.781,1.19
"ESP","Spain",2022,0.920230388641357,30287.3657583614,55.3492813110352,12.917,1.16
"EST","Estonia",2012,0.945922076702118,17568.2137969714,87.25,10.021,1.56
"EST","Estonia",2013,0.966788172721863,19310.3874900757,88.4400024414062,8.631,1.52
"EST","Estonia",2014,1.01121234893799,20581.7898991695,85.9499969482422,7.352,1.54
"EST","Estonia",2015,1.03593826293945,17722.1557669523,86.5599975585938,6.412,1.58
"EST","Estonia",2016,1.05459797382355,18666.3736521706,86.8899993896484,6.882,1.6
"EST","Estonia",2017,1.07229030132294,20851.5223496861,86.9599990844727,5.807,1.59
"EST","Estonia",2018,1.15055811405182,23618.1361254581,87.629997253418,5.412,1.67
"EST","Estonia",2019,1.13976681232452,24021.2501413306,88.4075698852539,4.514,1.66
"EST","Estonia",2020,1.29900670051575,23933.9939421065,85.7600021362305,6.956,1.58
"EST","Estonia",2021,1.34329342842102,27953.7670230126,85.8408355712891,6.178,1.61
"EST","Estonia",2022,1.34263217449188,28451.1477825175,86.4714736938477,5.571,1.41
"FIN","Finland",2012,2.2103111743927,47551.6740841369,71.9499969482422,7.689,1.8
"FIN","Finland",2013,2.18062210083008,49691.0145200739,72.8099975585938,8.193,1.75
"FIN","Finland",2014,2.02504563331604,50073.7760815871,73.5699996948242,8.663,1.71
"FIN","Finland",2015,1.84316194057465,42560.3456767103,74.0199966430664,9.376,1.65
"FIN","Finland",2016,1.84161901473999,43451.2562442158,77.6111145019531,8.818,1.57
"FIN","Finland",2017,1.9772777557373,46085.0174739036,75.5199966430664,8.64,1.49
"FIN","Finland",2018,2.01387786865234,49654.2497035329,80.3374557495117,7.361,1.41
"FIN","Finland",2019,1.97280502319336,48358.1807773701,77.4499969482422,6.695,1.35
"FIN","Finland",2020,1.90100395679474,48828.6846862799,82.5449523925781,7.759,1.37
"FIN","Finland",2021,1.91831088066101,53099.1351400148,80.7345123291016,7.617,1.46
"FIN","Finland",2022,1.75458240509033,50438.4753952355,81.3429718017578,6.719,1.32
"FRA","France",2012,1.37338125705719,40863.5814412333,63.75,9.841,2.01
"FRA","France",2013,1.48205244541168,42669.1795111893,66.3399963378906,9.913,1.99
"FRA","France",2014,1.41287088394165,43148.0459288416,68.5299987792969,10.273,2
"FRA","France",2015,1.41732227802277,36702.4323733379,69.4400024414062,10.354,1.96
"FRA","France",2016,1.38062357902527,37024.2157133669,69.6699981689453,10.057,1.92
"FRA","France",2017,1.30890679359436,38687.1626407164,70.0800018310547,9.41,1.89
"FRA","France",2018,1.41971850395203,41418.1766484844,71.1531143188477,9.018,1.87
"FRA","France",2019,1.33822000026703,40408.2848574751,72.1900024414062,8.415,1.86
"FRA","France",2020,1.2042510509491,39169.8606000707,73.3635330200195,8.01,1.83
"FRA","France",2021,1.22854030132294,43725.0999521245,76.7396774291992,7.874,1.84
"FRA","France",2022,1.16521215438843,41082.8119320747,74.4087524414062,7.308,1.794
"FRO","Faroe Islands",2012,NA,50261.9616267693,NA,3.03,2.5692
"FRO","Faroe Islands",2013,NA,55758.2083680611,NA,4.03,2.529
"FRO","Faroe Islands",2014,NA,60172.0632541664,NA,NA,2.5686
"FRO","Faroe Islands",2015,NA,52635.0375463609,NA,NA,2.419
"FRO","Faroe Islands",2016,NA,56875.2803813296,NA,NA,2.6215
"FRO","Faroe Islands",2017,NA,59384.9862077969,NA,NA,2.48
"FRO","Faroe Islands",2018,NA,62524.0387361638,NA,NA,2.5064
"FRO","Faroe Islands",2019,NA,63064.6343127366,NA,NA,2.4091
"FRO","Faroe Islands",2020,NA,62236.0866558197,NA,NA,2.3243
"FRO","Faroe Islands",2021,NA,68736.505610554,NA,NA,2.3162
"FRO","Faroe Islands",2022,NA,66108.733645837,NA,NA,2.0497
"GBR","United Kingdom",2012,1.59121036529541,42497.3404974322,87.7399978637695,8.279,1.92
"GBR","United Kingdom",2013,1.51226651668549,43426.2981405143,74,7.752,1.83
"GBR","United Kingdom",2014,1.62349116802216,47439.6165895125,74.7099990844727,6.398,1.81
"GBR","United Kingdom",2015,1.70522773265839,44964.3911437292,77.3530197143555,5.552,1.8
"GBR","United Kingdom",2016,1.57377743721008,40985.2351382417,77.3118133544922,4.909,1.79
"GBR","United Kingdom",2017,1.4309287071228,40572.1214823783,77.1100006103516,4.501,1.74
"GBR","United Kingdom",2018,1.36169874668121,43203.8141057739,78.4058227539062,4.145,1.68
"GBR","United Kingdom",2019,1.44982588291168,42662.5353740311,79.182991027832,3.657,1.63
"GBR","United Kingdom",2020,1.33215415477753,40201.6812422928,79.9100036621094,4.518,1.56
"GBR","United Kingdom",2021,1.23967301845551,46896.8662432834,80.4599990844727,4.865,1.56
"GBR","United Kingdom",2022,1.23809003829956,45935.9276473925,78.3403701782227,3.768,1.57
"GEO","Georgia",2012,0.63056617975235,4530.69533409431,90.9300003051758,19.653,1.938
"GEO","Georgia",2013,0.606947124004364,4712.00229382665,92.2198257446289,19.416,2.017
"GEO","Georgia",2014,0.424183517694473,4830.33486170249,92.0699996948242,17.439,2.115
"GEO","Georgia",2015,0.263111501932144,4086.6223465965,93.5190582275391,16.506,2.204
"GEO","Georgia",2016,0.420896291732788,4143.40125686315,93.4499969482422,16.604,2.198
"GEO","Georgia",2017,0.481504321098328,4418.75206546679,92.5,13.939,2.144
"GEO","Georgia",2018,0.518133521080017,4804.0546040444,92.3965454101562,12.667,2.114
"GEO","Georgia",2019,0.766199469566345,4741.2832715876,92.1699981689453,11.565,2.011
"GEO","Georgia",2020,0.716738402843475,4300.85701291207,92.4814300537109,11.734,1.971
"GEO","Georgia",2021,0.616529405117035,5083.60695484577,92.4135360717773,NA,2.081
"GEO","Georgia",2022,0.650143086910248,6729.84659930283,92.8600006103516,NA,2.063
"GIB","Gibraltar",2012,NA,NA,NA,NA,1.893
"GIB","Gibraltar",2013,NA,NA,NA,NA,1.834
"GIB","Gibraltar",2014,NA,NA,NA,NA,2.014
"GIB","Gibraltar",2015,NA,NA,NA,NA,2.186
"GIB","Gibraltar",2016,NA,NA,NA,NA,1.94
"GIB","Gibraltar",2017,NA,NA,NA,NA,1.895
"GIB","Gibraltar",2018,NA,NA,NA,NA,1.879
"GIB","Gibraltar",2019,NA,NA,NA,NA,1.863
"GIB","Gibraltar",2020,NA,NA,NA,NA,1.855
"GIB","Gibraltar",2021,NA,NA,NA,NA,1.848
"GIB","Gibraltar",2022,NA,NA,NA,NA,1.837
"GRC","Greece",2012,0.276448935270309,21624.346052551,55.6021575927734,24.731,1.34
"GRC","Greece",2013,0.357173413038254,21573.3449762805,56.8320388793945,27.686,1.29
"GRC","Greece",2014,0.298027336597443,21474.7257123892,56.2700004577637,26.708,1.3
"GRC","Greece",2015,0.145935848355293,17980.7298238137,57.9300003051758,24.981,1.33
"GRC","Greece",2016,0.124417319893837,17919.2426377048,54.6399993896484,23.514,1.38
"GRC","Greece",2017,0.239155456423759,18631.9930129293,59.9743156433105,21.414,1.35
"GRC","Greece",2018,0.25846466422081,19873.4015238771,60.8411026000977,19.179,1.35
"GRC","Greece",2019,0.314295798540115,19335.3602002969,63.7433700561523,17.045,1.34
"GRC","Greece",2020,0.402936995029449,17886.733165236,65.2699966430664,15.899,1.39
"GRC","Greece",2021,0.406026542186737,20654.7001960815,67.1153335571289,14.657,1.43
"GRC","Greece",2022,0.446967661380768,20971.8349258283,68.630744934082,12.426,1.43
"GRL","Greenland",2012,0.996137678623199,45936.9562817724,NA,9.8,2.019
"GRL","Greenland",2013,0.938511729240417,47535.4883792376,NA,10.1,2.077
"GRL","Greenland",2014,0.916182518005371,50485.2244135291,NA,10.3,2.037
"GRL","Greenland",2015,0.842609763145447,44536.3549705377,NA,9.1,2.01
"GRL","Greenland",2016,0.814577758312225,48181.7453541266,NA,NA,2
"GRL","Greenland",2017,0.81028825044632,50765.7494665372,NA,NA,2.09
"GRL","Greenland",2018,0.808081805706024,54545.135857765,NA,NA,2
"GRL","Greenland",2019,0.786860942840576,53309.2035905065,NA,NA,2.08
"GRL","Greenland",2020,0.766512632369995,54693.0766804265,NA,NA,2.019
"GRL","Greenland",2021,0.747944891452789,57116.295770722,NA,NA,1.82
"GRL","Greenland",2022,0.756547510623932,NA,NA,NA,1.839
"HRV","Croatia",2012,0.675028204917908,13508.6836989693,70.5591278076172,15.935,1.52
"HRV","Croatia",2013,0.675364792346954,14136.3967669505,71.7854919433594,17.251,1.46
"HRV","Croatia",2014,0.676334917545319,14187.9694531493,72.85595703125,17.29,1.46
"HRV","Croatia",2015,0.457353413105011,12285.3032582105,73.8226699829102,16.175,1.41
"HRV","Croatia",2016,0.422308266162872,12821.1738140304,73.7205963134766,13.103,1.43
"HRV","Croatia",2017,0.535491704940796,13902.6310485422,74.7002487182617,11.208,1.42
"HRV","Croatia",2018,0.513932764530182,15460.4183295843,75.858024597168,8.432,1.47
"HRV","Croatia",2019,0.456785351037979,15563.8167397199,76.6451187133789,6.617,1.47
"HRV","Croatia",2020,0.424775809049606,14808.4620188819,77.9384307861328,7.507,1.48
"HRV","Croatia",2021,0.552374601364136,17789.9304736722,79.1094818115234,7.608,1.62
"HRV","Croatia",2022,0.581313610076904,18466.0955472648,79.9907760620117,6.96,1.53
"HUN","Hungary",2012,0.608617842197418,12984.8365730133,77.629997253418,11.003,1.34
"HUN","Hungary",2013,0.678418397903442,13715.0703590361,78.4899978637695,10.177,1.35
"HUN","Hungary",2014,0.582895636558533,14294.2584180751,74.120002746582,7.725,1.44
"HUN","Hungary",2015,0.509736955165863,12717.038597002,75.0999984741211,6.813,1.45
"HUN","Hungary",2016,0.457127034664154,13104.6995457458,76.0599975585938,5.115,1.53
"HUN","Hungary",2017,0.481280267238617,14621.2395956755,76.9970626831055,4.156,1.54
"HUN","Hungary",2018,0.443152636289597,16425.2050299693,78.1045227050781,3.709,1.55
"HUN","Hungary",2019,0.450478911399841,16786.2136399075,78.5931243896484,3.419,1.55
"HUN","Hungary",2020,0.538535594940186,16131.9540355923,80.0100021362305,4.25,1.59
"HUN","Hungary",2021,0.596821069717407,18755.1023464312,81.4102630615234,4.045,1.61
"HUN","Hungary",2022,0.533869922161102,18353.298364905,82.6402359008789,3.609,1.52
"IMN","Isle of Man",2012,NA,79329.2034347434,NA,NA,1.885
"IMN","Isle of Man",2013,NA,83207.6588430451,NA,2.598,1.853
"IMN","Isle of Man",2014,NA,91885.4528718026,NA,1.98,1.737
"IMN","Isle of Man",2015,NA,84753.5187422732,NA,NA,1.711
"IMN","Isle of Man",2016,NA,82025.9454509241,NA,2.67,1.691
"IMN","Isle of Man",2017,NA,83481.3038489014,NA,NA,1.677
"IMN","Isle of Man",2018,NA,89393.8244248812,NA,NA,1.621
"IMN","Isle of Man",2019,NA,87127.5517977404,NA,NA,1.614
"IMN","Isle of Man",2020,NA,79513.5330346598,NA,NA,1.569
"IMN","Isle of Man",2021,NA,94299.969348965,NA,NA,1.564
"IMN","Isle of Man",2022,NA,NA,NA,NA,1.571
"IRL","Ireland",2012,1.53906953334808,49411.7387476787,67.6214752197266,15.451,1.98
"IRL","Ireland",2013,1.50404286384583,52619.2123745817,69.2389221191406,13.735,1.93
"IRL","Ireland",2014,1.59883308410645,57278.2590911107,72.7109985351562,11.858,1.89
"IRL","Ireland",2015,1.52084052562714,64311.8234684057,73.0481796264648,9.908,1.85
"IRL","Ireland",2016,1.32955777645111,64292.659966313,73.1577072143555,8.374,1.81
"IRL","Ireland",2017,1.26728880405426,72499.3268743015,70.7799987792969,6.713,1.77
"IRL","Ireland",2018,1.37824308872223,81248.3135388,74.7869262695312,5.741,1.75
"IRL","Ireland",2019,1.2575615644455,82508.4659883582,75.3639297485352,4.95,1.71
"IRL","Ireland",2020,1.43524384498596,87567.1148972037,76.9801483154297,5.623,1.63
"IRL","Ireland",2021,1.46342539787292,105561.137468992,79.0847473144531,6.364,1.78
"IRL","Ireland",2022,1.5485702753067,106194.755859223,79.5170516967773,4.501,1.7
"ISL","Iceland",2012,1.48314440250397,45995.5478789467,69.1363372802734,6,2.04
"ISL","Iceland",2013,1.48298573493958,49804.9829978371,70.1168212890625,5.376,1.93
"ISL","Iceland",2014,1.48536741733551,54576.7448146565,71.0925369262695,4.897,1.93
"ISL","Iceland",2015,1.46093690395355,52951.6815110898,72.3031921386719,3.979,1.8
"ISL","Iceland",2016,1.34993553161621,61987.9263620283,76.0001678466797,2.978,1.74
"ISL","Iceland",2017,1.41358423233032,72010.1490316258,74.9507904052734,2.742,1.71
"ISL","Iceland",2018,1.42581415176392,74452.1890731447,75.5587921142578,2.704,1.71
"ISL","Iceland",2019,1.48203492164612,68452.23622306,73.870002746582,3.507,1.74
"ISL","Iceland",2020,1.47592997550964,59023.5663465778,74.1399993896484,5.478,1.72
"ISL","Iceland",2021,1.59388387203217,69325.9078287926,79.7339630126953,6.029,1.82
"ISL","Iceland",2022,1.5629870891571,75314.085560994,79.1531066894531,3.789,1.589
"ITA","Italy",2012,0.447511166334152,35235.7989058242,47.2799987792969,10.655,1.43
"ITA","Italy",2013,0.532426714897156,35747.707952689,48.1467742919922,12.149,1.39
"ITA","Italy",2014,0.472872227430344,35750.7197500382,48.6399993896484,12.683,1.37
"ITA","Italy",2015,0.49019667506218,30387.1293187854,49.1500015258789,11.896,1.35
"ITA","Italy",2016,0.544244647026062,31126.3246947273,50.1106872558594,11.688,1.34
"ITA","Italy",2017,0.491924196481705,32554.14668453,51.0024604797363,11.211,1.32
"ITA","Italy",2018,0.408853262662888,34746.3441392416,51.9755325317383,10.61,1.29
"ITA","Italy",2019,0.450929790735245,33812.788724868,52.5768356323242,9.952,1.27
"ITA","Italy",2020,0.360754579305649,32091.4866621366,52.4599990844727,9.164,1.24
"ITA","Italy",2021,0.325260877609253,36852.5425414951,52.4379005432129,9.497,1.25
"ITA","Italy",2022,0.448645293712616,35635.7442204098,52.7956314086914,8.069,1.24
"KAZ","Kazakhstan",2012,-0.525388717651367,12018.7966527993,NA,5.29,2.62
"KAZ","Kazakhstan",2013,-0.620734989643097,13478.459627612,NA,5.2,2.64
"KAZ","Kazakhstan",2014,-0.0820106193423271,12427.7094576939,NA,5.06,2.73
"KAZ","Kazakhstan",2015,-0.146881282329559,10196.1226255982,71.0624771118164,4.93,2.74
"KAZ","Kazakhstan",2016,-0.142129123210907,7475.56688689424,NA,4.96,2.77
"KAZ","Kazakhstan",2017,-0.065825566649437,8943.08416791984,NA,4.9,2.75
"KAZ","Kazakhstan",2018,-0.0420836359262466,9472.48527327758,97.4000015258789,4.85,2.84
"KAZ","Kazakhstan",2019,0.068847119808197,9457.12614657136,94.3147125244141,4.8,2.9
"KAZ","Kazakhstan",2020,0.105691097676754,8781.50797787648,NA,4.89,3.13
"KAZ","Kazakhstan",2021,0.0297293178737164,9983.60103576902,NA,NA,3.32
"KAZ","Kazakhstan",2022,0.142756044864655,11255.3396437881,NA,4.86,3.05
"KGZ","Kyrgyz Republic",2012,-0.64659321308136,1168.62244675446,NA,4.67,3.2
"KGZ","Kyrgyz Republic",2013,-0.649990081787109,1269.66303464348,NA,4.296,3.1
"KGZ","Kyrgyz Republic",2014,-0.871007263660431,1264.52679529608,91.6178283691406,4.051,3.2
"KGZ","Kyrgyz Republic",2015,-0.978849112987518,1105.65202996955,91.8032150268555,3.364,3.2
"KGZ","Kyrgyz Republic",2016,-0.965182244777679,1103.27498361324,92.2046432495117,3.249,3.1
"KGZ","Kyrgyz Republic",2017,-0.75117963552475,1221.39056490366,91.5201721191406,2.655,3
"KGZ","Kyrgyz Republic",2018,-0.646288573741913,1283.52040333083,65.3156509399414,3.67,3.3
"KGZ","Kyrgyz Republic",2019,-0.731618404388428,1421.99927504102,NA,4.295,3.3
"KGZ","Kyrgyz Republic",2020,-0.576322257518768,1229.51775742135,NA,4.63,3.1
"KGZ","Kyrgyz Republic",2021,-0.776387393474579,1349.99730650542,NA,4.096,2.89
"KGZ","Kyrgyz Republic",2022,-0.890511035919189,1739.72030814894,NA,3.94,2.8
"LIE","Liechtenstein",2012,1.78074657917023,148842.035144342,NA,NA,1.51
"LIE","Liechtenstein",2013,1.74691927433014,172823.607794648,NA,NA,1.45
"LIE","Liechtenstein",2014,1.69893741607666,178735.153020908,NA,NA,1.59
"LIE","Liechtenstein",2015,1.65257394313812,167187.15730982,NA,NA,1.4
"LIE","Liechtenstein",2016,1.66266179084778,165375.491396259,NA,NA,1.61
"LIE","Liechtenstein",2017,1.71803462505341,170547.092298954,NA,NA,1.44
"LIE","Liechtenstein",2018,1.68894004821777,174988.775083446,NA,NA,1.58
"LIE","Liechtenstein",2019,1.65031254291534,166907.839305016,NA,NA,1.48
"LIE","Liechtenstein",2020,1.76157629489899,164671.093553454,NA,NA,1.46
"LIE","Liechtenstein",2021,1.4647536277771,196783.729414593,NA,NA,1.53
"LIE","Liechtenstein",2022,1.48778104782104,186400.23376784,NA,NA,1.47
"LTU","Lithuania",2012,0.826729953289032,14294.7178607152,81.5500030517578,13.365,1.6
"LTU","Lithuania",2013,0.8258997797966,15655.3513307327,82.3099975585938,11.77,1.59
"LTU","Lithuania",2014,0.977036237716675,16473.5678231709,83.3300018310547,10.698,1.63
"LTU","Lithuania",2015,1.15046727657318,14300.2553666736,84.3099975585938,9.12,1.7
"LTU","Lithuania",2016,1.03285944461823,14981.6208126311,86.2200012207031,7.862,1.69
"LTU","Lithuania",2017,0.929402828216553,16884.7100319318,87.3099975585938,7.073,1.63
"LTU","Lithuania",2018,1.0314474105835,19368.5391045353,88.5540771484375,6.147,1.63
"LTU","Lithuania",2019,1.00766611099243,19727.7607453736,89.6794509887695,6.255,1.61
"LTU","Lithuania",2020,1.0149097442627,20541.824988603,89.870002746582,8.487,1.48
"LTU","Lithuania",2021,1.01744949817657,23934.728489916,91.1113204956055,7.112,1.36
"LTU","Lithuania",2022,0.993961572647095,25085.784063499,91.9948425292969,5.956,1.27
"LUX","Luxembourg",2012,1.66362190246582,112584.676270958,76.25,5.03,1.57
"LUX","Luxembourg",2013,1.62242209911346,120000.140729859,78.3000030517578,6.045,1.55
"LUX","Luxembourg",2014,1.64794015884399,123678.702143275,79.5699996948242,6.044,1.5
"LUX","Luxembourg",2015,1.69270300865173,105462.012584423,69.0699996948242,6.796,1.47
"LUX","Luxembourg",2016,1.65589165687561,106899.293549552,75.3423461914062,6.669,1.41
"LUX","Luxembourg",2017,1.64544296264648,110193.213797228,72.4430084228516,5.523,1.39
"LUX","Luxembourg",2018,1.73641335964203,116786.511654677,74.2424240112305,5.589,1.38
"LUX","Luxembourg",2019,1.69548451900482,112726.439672814,75.2209701538086,5.592,1.34
"LUX","Luxembourg",2020,1.79238891601562,116905.370396853,74.4377670288086,6.766,1.36
"LUX","Luxembourg",2021,1.67725694179535,133711.794435985,76.9224014282227,5.571,1.38
"LUX","Luxembourg",2022,1.77222788333893,125006.021815486,77.4083404541016,4.588,1.31
"LVA","Latvia",2012,0.828348100185394,13329.3499931271,86.0899963378906,15.047,1.44
"LVA","Latvia",2013,0.87935084104538,14484.4715282132,86.8600006103516,11.867,1.52
"LVA","Latvia",2014,0.950847923755646,15185.814581236,87.8000030517578,10.846,1.65
"LVA","Latvia",2015,1.05340993404388,13321.9753140616,88.2900009155273,9.873,1.7
"LVA","Latvia",2016,0.965538024902344,13838.5266823272,88.7300033569336,9.643,1.74
"LVA","Latvia",2017,0.865553975105286,15132.4958333982,87.9997253417969,8.715,1.69
"LVA","Latvia",2018,1.00028502941132,17252.1710428626,90.3000030517578,7.412,1.6
"LVA","Latvia",2019,1.06574690341949,17294.9751600969,90.9300003051758,6.312,1.61
"LVA","Latvia",2020,0.838092744350433,17564.2321549354,90.1376037597656,8.098,1.55
"LVA","Latvia",2021,0.832942485809326,20262.8433862451,88.1561660766602,7.513,1.57
"LVA","Latvia",2022,0.69153767824173,20229.4613617326,88.7702789306641,6.815,1.47
"MCO","Monaco",2012,NA,165444.651378771,NA,NA,NA
"MCO","Monaco",2013,NA,184940.663804718,NA,NA,NA
"MCO","Monaco",2014,NA,195693.570738894,NA,NA,NA
"MCO","Monaco",2015,1.74073541164398,170437.101188261,NA,NA,NA
"MCO","Monaco",2016,1.80540561676025,173604.753555915,90.1069030761719,6.33,NA
"MCO","Monaco",2017,1.87694644927979,170663.375247872,NA,NA,NA
"MCO","Monaco",2018,1.87921941280365,188298.315668437,NA,NA,NA
"MCO","Monaco",2019,1.85192060470581,193746.785647412,NA,NA,NA
"MCO","Monaco",2020,2.02838921546936,176891.886538492,NA,NA,NA
"MCO","Monaco",2021,2.02647495269775,223823.363960226,NA,NA,NA
"MCO","Monaco",2022,2.04701542854309,226052.001905201,NA,NA,NA
"MDA","Moldova",2012,-0.55792099237442,3044.8084324815,74.5500030517578,2.151,1.659
"MDA","Moldova",2013,-0.407670170068741,3321.04397795719,74.1100006103516,1.873,1.654
"MDA","Moldova",2014,-0.419933348894119,3289.95758568777,74.7200012207031,1.425,1.822
"MDA","Moldova",2015,-0.721139073371887,2749.55137054338,74.7300033569336,1.742,1.868
"MDA","Moldova",2016,-0.693787217140198,2847.08794770479,72.6785507202148,1.557,1.89
"MDA","Moldova",2017,-0.577288508415222,3453.26727720294,74.0071411132812,1.586,1.81
"MDA","Moldova",2018,-0.505967557430267,4156.44981956646,75.2399978637695,1.196,1.809
"MDA","Moldova",2019,-0.441430509090424,4405.33418162155,74.5400009155273,1.466,1.78
"MDA","Moldova",2020,-0.533600270748138,4375.7788930524,74.7600021362305,1.186,1.77
"MDA","Moldova",2021,-0.437800526618958,5274.60582195352,74.7600021362305,0.785,1.806
"MDA","Moldova",2022,-0.307596892118454,5738.42473515618,74.75,0.897,1.8
"MKD","North Macedonia",2012,-0.210188359022141,5049.8265386157,59.6451644897461,31.096,1.5
"MKD","North Macedonia",2013,-0.168528482317924,5626.26115664893,60.6468162536621,29.017,1.5
"MKD","North Macedonia",2014,0.0154965808615088,5925.38592218015,61.4637603759766,28.215,1.5
"MKD","North Macedonia",2015,-0.0302746333181858,5262.68671928674,62.2778282165527,26.395,1.49
"MKD","North Macedonia",2016,-0.0337916128337383,5598.48622617967,63.738208770752,24.312,1.5
"MKD","North Macedonia",2017,-0.0176615100353956,5955.2973863451,65.41650390625,22.857,1.43
"MKD","North Macedonia",2018,0.055729191750288,6713.98925398989,53.4467811584473,21.208,1.42
"MKD","North Macedonia",2019,-0.124041438102722,6718.85826635458,66.9626770019531,17.414,1.34
"MKD","North Macedonia",2020,0.0282578598707914,6659.59651070776,68.3000030517578,16.575,1.31
"MKD","North Macedonia",2021,-0.121813729405403,7620.80296977508,69.5329437255859,15.801,1.6
"MKD","North Macedonia",2022,-0.0813848301768303,7606.2375253797,70.5153350830078,14.477,1.6
"MNE","Montenegro",2012,0.120514154434204,6586.39970256684,76.8832702636719,19.808,1.72
"MNE","Montenegro",2013,0.153825387358665,7188.86361611271,77.2973251342773,19.585,1.73
"MNE","Montenegro",2014,0.293321192264557,7387.87296917548,77.8181457519531,18.054,1.75
"MNE","Montenegro",2015,0.166538342833519,6517.19267514764,78.6587600708008,17.555,1.74
"MNE","Montenegro",2016,0.135110005736351,7033.43962398373,79.1999359130859,17.732,1.79
"MNE","Montenegro",2017,0.17134128510952,7803.35824465203,79.9968566894531,16.082,1.78
"MNE","Montenegro",2018,0.0904116332530975,8850.3749248372,62.7289695739746,15.19,1.76
"MNE","Montenegro",2019,0.106434404850006,8909.6538759126,81.8237915039062,15.128,1.77
"MNE","Montenegro",2020,-0.106665946543217,7677.37132106817,81.9217376708984,17.878,1.75
"MNE","Montenegro",2021,-0.0304788909852505,9465.96153027794,59.2587928771973,16.543,1.75
"MNE","Montenegro",2022,-0.0274766758084297,10093.4387007266,NA,14.852,1.8
"NLD","Netherlands",2012,1.83936905860901,50473.9442002689,67.0999984741211,5.821,1.72
"NLD","Netherlands",2013,1.80873382091522,52602.2860520766,69.5299987792969,7.241,1.68
"NLD","Netherlands",2014,1.83546948432922,53457.2234864322,69.4199981689453,7.419,1.71
"NLD","Netherlands",2015,1.82862544059753,45793.8135434697,69.5699996948242,6.872,1.66
"NLD","Netherlands",2016,1.82028615474701,46808.5291492503,69.9899978637695,6.007,1.66
"NLD","Netherlands",2017,1.81402194499969,49513.6817346384,70.5940017700195,4.837,1.62
"NLD","Netherlands",2018,1.80973696708679,53955.0770024266,71.0999984741211,3.832,1.59
"NLD","Netherlands",2019,1.76715266704559,53554.9007491475,71.4319534301758,3.379,1.57
"NLD","Netherlands",2020,1.8052179813385,53467.9277413737,72.9599990844727,3.82,1.54
"NLD","Netherlands",2021,1.72513651847839,60141.9880911492,73.850830078125,4.209,1.62
"NLD","Netherlands",2022,1.57889866828918,59123.318556487,74.0509719848633,3.526,1.487
"NOR","Norway",2012,1.8999354839325,102175.919298374,80.810661315918,3.129,1.85
"NOR","Norway",2013,1.87676703929901,103553.840134417,81.2519836425781,3.425,1.78
"NOR","Norway",2014,1.82170379161835,97666.6951838749,77.0100021362305,3.486,1.75
"NOR","Norway",2015,1.8330682516098,74809.9658049898,77.4899978637695,4.296,1.72
"NOR","Norway",2016,1.83236646652222,70867.3609970749,77.8399963378906,4.68,1.71
"NOR","Norway",2017,1.94444799423218,76131.8384032764,78.2200012207031,4.164,1.62
"NOR","Norway",2018,1.84514558315277,82792.8427113304,82.1473999023438,3.801,1.56
"NOR","Norway",2019,1.82773196697235,76430.5889473338,78.75,3.684,1.53
"NOR","Norway",2020,1.88777232170105,68340.0181033702,82.4527740478516,4.424,1.48
"NOR","Norway",2021,1.79539930820465,93072.8925119571,75.2643356323242,4.359,1.55
"NOR","Norway",2022,1.94172024726868,108798.451165901,79.070556640625,3.231,1.41
"POL","Poland",2012,0.657871425151825,13087.420943321,82.0899963378906,10.031,1.33
"POL","Poland",2013,0.659244894981384,13621.9023794031,82.8499984741211,10.293,1.29
"POL","Poland",2014,0.768983721733093,14262.2841914116,83.4899978637695,8.971,1.32
"POL","Poland",2015,0.74108874797821,12637.5220324406,83.8682327270508,7.475,1.32
"POL","Poland",2016,0.651506066322327,12464.0110508476,84.8600006103516,6.141,1.39
"POL","Poland",2017,0.550776779651642,13913.3402919927,85.4903793334961,4.867,1.48
"POL","Poland",2018,0.546892523765564,15658.2120316794,86.0824737548828,3.835,1.46
"POL","Poland",2019,0.512824833393097,15874.5220531254,86.5674667358398,3.267,1.44
"POL","Poland",2020,0.324195116758347,15987.5753654045,87.7799987792969,3.155,1.39
"POL","Poland",2021,0.254306375980377,18635.5104895754,87.8078155517578,3.268,1.33
"POL","Poland",2022,0.258881956338882,18891.2121169279,88.1990509033203,2.811,1.261
"PRT","Portugal",2012,1.00191485881805,20593.4274224109,30.0200004577637,15.531,1.28
"PRT","Portugal",2013,1.19421780109406,21676.4859642714,31.8700008392334,16.188,1.21
"PRT","Portugal",2014,0.983170330524445,22120.6850127107,34.2099990844727,13.897,1.23
"PRT","Portugal",2015,1.15793454647064,19215.7813014347,35.4300003051758,12.447,1.31
"PRT","Portugal",2016,1.14832854270935,19980.2808866516,36.7700004577637,11.068,1.36
"PRT","Portugal",2017,1.2940491437912,21442.3842768879,37.6199989318848,8.869,1.38
"PRT","Portugal",2018,1.18115174770355,23541.1401075289,37.0800018310547,6.994,1.42
"PRT","Portugal",2019,1.13418579101562,23343.3628970034,40.6800003051758,6.464,1.43
"PRT","Portugal",2020,0.979601144790649,22299.4044062173,43.4500007629395,6.801,1.41
"PRT","Portugal",2021,0.952431321144104,24711.4510062111,47.285888671875,6.577,1.35
"PRT","Portugal",2022,1.00113356113434,24620.519556875,48.120044708252,6.011,1.43
"ROU","Romania",2012,-0.169484630227089,8929.95366231474,65.8399963378906,6.794,1.52
"ROU","Romania",2013,0.134710595011711,9497.67411615237,66.4599990844727,7.096,1.46
"ROU","Romania",2014,0.224672213196754,10031.7710755404,62.9799995422363,6.802,1.56
"ROU","Romania",2015,0.0987904593348503,8977.01748158196,64.6600036621094,6.812,1.62
"ROU","Romania",2016,-0.0682618692517281,9404.54005870715,66.4199981689453,5.901,1.69
"ROU","Romania",2017,-0.0847913026809692,10727.9822007426,67.4499969482422,4.927,1.78
"ROU","Romania",2018,-0.177138328552246,12502.2624061935,68.322151184082,4.187,1.76
"ROU","Romania",2019,-0.215103924274445,12992.0326104674,69.1800003051758,3.912,1.77
"ROU","Romania",2020,-0.286944448947906,13082.3006559554,71.0299987792969,5.035,1.8
"ROU","Romania",2021,-0.163359016180038,14986.7854904274,72.1699981689453,5.59,1.81
"ROU","Romania",2022,-0.000462350901216269,15557.8826247584,73.0299987792969,5.614,1.81
"RUS","Russian Federation",2012,-0.534914612770081,15401.8515625,92.8374786376953,5.484,1.691
"RUS","Russian Federation",2013,-0.452954411506653,15941.4482421875,93.4151000976562,5.513,1.707
"RUS","Russian Federation",2014,-0.195760622620583,14055.47265625,93.7110977172852,5.212,1.75
"RUS","Russian Federation",2015,-0.332078844308853,9277.7138671875,94.0891723632812,5.615,1.777
"RUS","Russian Federation",2016,-0.324105769395828,8663.158203125,94.5656661987305,5.591,1.762
"RUS","Russian Federation",2017,-0.191041514277458,10658.9130859375,91.3463897705078,5.238,1.621
"RUS","Russian Federation",2018,-0.103785149753094,11211.8876953125,91.5161361694336,4.871,1.579
"RUS","Russian Federation",2019,0.0241736769676208,11447.701171875,91.4410934448242,4.513,1.504
"RUS","Russian Federation",2020,-0.111088737845421,10108.3271484375,91.8141174316406,5.62,1.505
"RUS","Russian Federation",2021,-0.210440874099731,12521.5224609375,92.1800003051758,4.749,1.505
"RUS","Russian Federation",2022,-0.696263790130615,15445.2421875,91.9972534179688,3.867,1.416
"SMR","San Marino",2012,NA,47945.8991734281,NA,5.19,1.26
"SMR","San Marino",2013,NA,50807.8289138024,NA,6.08,NA
"SMR","San Marino",2014,NA,51260.4938347125,NA,6.61,NA
"SMR","San Marino",2015,1.48115181922913,43146.8240435428,NA,7.38,NA
"SMR","San Marino",2016,1.54083681106567,44359.4797662688,NA,6.45,NA
"SMR","San Marino",2017,1.60365259647369,45192.0279766943,NA,7.89,NA
"SMR","San Marino",2018,1.6031106710434,47950.6880557136,53.939998626709,7.83,NA
"SMR","San Marino",2019,1.57953178882599,46627.0122356944,NA,7.54,NA
"SMR","San Marino",2020,1.7492413520813,44426.6463400658,57.4500007629395,7.23,NA
"SMR","San Marino",2021,1.74892807006836,54168.9828262684,NA,6.34,NA
"SMR","San Marino",2022,1.77113807201385,54264.570495898,58.5900001525879,4.91,NA
"SRB","Serbia",2012,-0.173352405428886,6263.04086072815,44.5159606933594,24,1.45
"SRB","Serbia",2013,-0.179090812802315,7040.41812068781,66.5599975585938,22.154,1.43
"SRB","Serbia",2014,0.00162539177108556,6886.67809068704,68.5699996948242,19.223,1.46
"SRB","Serbia",2015,-0.00261274841614068,5820.3215576888,70.9000015258789,17.66,1.46
"SRB","Serbia",2016,-0.0386092476546764,5982.37030126471,71.4100036621094,15.257,1.46
"SRB","Serbia",2017,0.0732555314898491,6548.03653824187,71.6399993896484,13.477,1.49
"SRB","Serbia",2018,0.0744296610355377,7559.86165747394,71.7072448730469,12.733,1.49
"SRB","Serbia",2019,-0.0167613662779331,7755.632986437,73.6399993896484,10.395,1.52
"SRB","Serbia",2020,-0.0429243594408035,8098.70955668849,73.4497833251953,9.011,1.48
"SRB","Serbia",2021,0.01235440839082,9680.52798074468,74.1909866333008,9.843,1.52
"SRB","Serbia",2022,0.0651759877800941,10022.9688543402,74.9423217773438,8.439,1.63
"SVK","Slovak Republic",2012,0.781547546386719,17516.9691054078,85.379997253418,13.966,1.34
"SVK","Slovak Republic",2013,0.725380659103394,18312.7805149823,85.9599990844727,14.227,1.34
"SVK","Slovak Republic",2014,0.793422877788544,18770.9289896545,85.3199996948242,11.537,1.37
"SVK","Slovak Republic",2015,0.736977159976959,16442.0760860018,86.6900024414062,11.492,1.4
"SVK","Slovak Republic",2016,0.793482840061188,16636.0769133073,87.3199996948242,9.679,1.48
"SVK","Slovak Republic",2017,0.666439116001129,17645.5298716761,87.0699996948242,8.142,1.52
"SVK","Slovak Republic",2018,0.581321477890015,19573.3717031314,87.7799987792969,6.544,1.54
"SVK","Slovak Republic",2019,0.54965877532959,19406.0589683582,87.6999969482422,5.761,1.57
"SVK","Slovak Republic",2020,0.502145826816559,19735.4858280801,89.1387252807617,6.719,1.59
"SVK","Slovak Republic",2021,0.490655839443207,22138.1949833348,89.8135070800781,6.894,1.63
"SVK","Slovak Republic",2022,0.378134667873383,21342.7666714692,90.1811904907227,6.143,1.57
"SVN","Slovenia",2012,1.018315076828,22442.1417859955,79.1600036621094,8.841,1.58
"SVN","Slovenia",2013,1.00098669528961,23236.9655321695,79.7799987792969,10.103,1.55
"SVN","Slovenia",2014,0.996188342571259,24013.0682060959,80.0899963378906,9.668,1.58
"SVN","Slovenia",2015,0.936799585819244,20697.2748530619,81.4499969482422,8.962,1.57
"SVN","Slovenia",2016,1.08712339401245,21447.8377796036,81.870002746582,8,1.58
"SVN","Slovenia",2017,1.12923729419708,23303.077705959,82.5599975585938,6.565,1.62
"SVN","Slovenia",2018,1.08223867416382,25888.0481065655,82.4642105102539,5.108,1.6
"SVN","Slovenia",2019,1.04178440570831,25814.1687167572,82.9400024414062,4.446,1.61
"SVN","Slovenia",2020,1.121173620224,25392.0651093612,84.5077056884766,4.971,1.59
"SVN","Slovenia",2021,1.13730704784393,29187.369382785,86.0022888183594,4.744,1.64
"SVN","Slovenia",2022,1.06853556632996,28373.8382265999,86.0007934570312,4.011,1.55
"SWE","Sweden",2012,1.91103565692902,57749.8251328664,79,7.976,1.91
"SWE","Sweden",2013,1.78899824619293,60844.2767113975,73.9199981689453,8.052,1.89
"SWE","Sweden",2014,1.68137550354004,59583.7140001673,74.4700012207031,7.954,1.88
"SWE","Sweden",2015,1.6848486661911,51197.9529341175,75.0299987792969,7.432,1.85
"SWE","Sweden",2016,1.66307485103607,51820.3972482676,75.5599975585938,6.99,1.85
"SWE","Sweden",2017,1.67575168609619,53300.8587281785,76.1500015258789,6.718,1.78
"SWE","Sweden",2018,1.67109441757202,54181.9069780904,83.173713684082,6.365,1.76
"SWE","Sweden",2019,1.67401242256165,51773.0464558993,77.2600021362305,6.833,1.71
"SWE","Sweden",2020,1.6700267791748,52653.7565934247,84.2090759277344,8.291,1.67
"SWE","Sweden",2021,1.61025524139404,61174.9680215622,83.1135482788086,8.722,1.67
"SWE","Sweden",2022,1.5724048614502,55296.9371472535,83.9836730957031,7.392,1.52
"TJK","Tajikistan",2012,-0.936370611190796,952.452819695469,NA,NA,3.421
"TJK","Tajikistan",2013,-1.06848573684692,1028.19704279396,NA,NA,3.433
"TJK","Tajikistan",2014,-0.792752921581268,1081.54402932039,NA,NA,3.459
"TJK","Tajikistan",2015,-0.904914379119873,956.916310930656,NA,NA,3.459
"TJK","Tajikistan",2016,-1.0909241437912,788.710481734485,82.336799621582,NA,3.384
"TJK","Tajikistan",2017,-1.18244826793671,829.45714764957,80.6699981689453,NA,3.29
"TJK","Tajikistan",2018,-1.16375720500946,834.288404578801,NA,NA,3.294
"TJK","Tajikistan",2019,-1.11675369739532,871.022372934846,NA,NA,3.281
"TJK","Tajikistan",2020,-0.759225845336914,834.311715460625,NA,NA,3.237
"TJK","Tajikistan",2021,-0.645049810409546,896.748053372182,NA,NA,3.186
"TJK","Tajikistan",2022,-0.757130861282349,1052.17949484894,NA,NA,3.141
"TKM","Turkmenistan",2012,-1.12933874130249,6053.8748468749,NA,NA,2.936
"TKM","Turkmenistan",2013,-1.13669443130493,6599.64529055481,NA,NA,2.958
"TKM","Turkmenistan",2014,-0.526086628437042,7164.14536184006,NA,NA,2.956
"TKM","Turkmenistan",2015,-0.599104762077332,5759.497903834,29.0045890808105,NA,2.93
"TKM","Turkmenistan",2016,-0.912186086177826,5686.98040962764,NA,NA,2.887
"TKM","Turkmenistan",2017,-1.01174581050873,5828.4816623489,NA,NA,2.836
"TKM","Turkmenistan",2018,-1.08992314338684,6125.05169712085,NA,NA,2.786
"TKM","Turkmenistan",2019,-1.01773571968079,6648.0348960628,32.9884414672852,NA,2.74
"TKM","Turkmenistan",2020,-1.02376997470856,6592.60146027748,NA,NA,2.701
"TKM","Turkmenistan",2021,-0.961421966552734,7051.20211079213,NA,NA,2.667
"TKM","Turkmenistan",2022,-1.15899753570557,8156.35211950774,NA,NA,2.617
"TUR","Turkiye",2012,0.432250022888184,11713.2849831139,32.7700004577637,9.21,2.149
"TUR","Turkiye",2013,0.398709654808044,12578.1878632,33.7599983215332,9.713,2.165
"TUR","Turkiye",2014,0.392252773046494,12165.220135038,35.2400016784668,9.901,2.2
"TUR","Turkiye",2015,0.199524775147438,11049.9951100942,37.0699996948242,10.304,2.194
"TUR","Turkiye",2016,-0.00650703674182296,10970.0458948862,37.6599998474121,10.899,2.177
"TUR","Turkiye",2017,0.0138382893055677,10695.550196231,39.0299987792969,10.919,2.14
"TUR","Turkiye",2018,-0.0684682950377464,9568.83506330228,33.6019554138184,10.956,2.054
"TUR","Turkiye",2019,-0.0204638708382845,9215.44049888114,42.1699981689453,13.73,1.967
"TUR","Turkiye",2020,-0.15879775583744,8638.73903848102,36.4532737731934,13.148,1.917
"TUR","Turkiye",2021,-0.119116462767124,9743.21277804855,37.7613334655762,11.969,1.889
"TUR","Turkiye",2022,-0.199645325541496,10674.504157865,39.2632904052734,10.465,1.882
"UKR","Ukraine",2012,-0.59455281496048,3951.34228515625,NA,7.529,1.531
"UKR","Ukraine",2013,-0.664322078227997,4129.89697265625,NA,7.17,1.506
"UKR","Ukraine",2014,-0.39884689450264,3054.908203125,NA,9.27,1.498
"UKR","Ukraine",2015,-0.554407000541687,2094.47387695313,NA,9.14,1.506
"UKR","Ukraine",2016,-0.609457552433014,2158.46118164063,NA,9.35,1.466
"UKR","Ukraine",2017,-0.514022350311279,2604.28759765625,NA,9.5,1.374
"UKR","Ukraine",2018,-0.459631830453873,3059.0517578125,74.8526763916016,8.799,1.301
"UKR","Ukraine",2019,-0.334266752004623,3619.86157226563,70.9834060668945,8.194,1.228
"UKR","Ukraine",2020,-0.410091131925583,3709.76928710938,71.5417556762695,9.475,1.217
"UKR","Ukraine",2021,-0.439535766839981,4775.94580078125,72.4826736450195,9.834,1.16
"UKR","Ukraine",2022,-0.497119277715683,4199.6708984375,NA,NA,1.265
"UZB","Uzbekistan",2012,-0.926168859004974,2307.34649117185,NA,4.87,2.193
"UZB","Uzbekistan",2013,-0.931166350841522,2461.97947403595,91.5400009155273,4.86,2.35
"UZB","Uzbekistan",2014,-0.637559771537781,2674.9628382103,91.9499969482422,5.09,2.457
"UZB","Uzbekistan",2015,-0.752948343753815,2803.19018021751,92.0800018310547,5.15,2.491
"UZB","Uzbekistan",2016,-0.661517918109894,2753.37951427589,92.5599975585938,5.16,2.455
"UZB","Uzbekistan",2017,-0.630247414112091,2190.60411562888,NA,5.83,2.419
"UZB","Uzbekistan",2018,-0.61695796251297,1813.08530813664,96.1500015258789,9.35,2.604
"UZB","Uzbekistan",2019,-0.600097477436066,2041.38480729431,96.6800003051758,8.98,2.785
"UZB","Uzbekistan",2020,-0.615506291389465,1978.28051860763,98.2941970825195,5.293,2.904
"UZB","Uzbekistan",2021,-0.264640539884567,2258.51964119278,96.0400009155273,NA,3.173
"UZB","Uzbekistan",2022,-0.329937309026718,2578.66689394219,96.8399963378906,NA,3.308
"XKX","Kosovo",2012,-0.324966311454773,3410.65550749316,NA,30.879,2.001
"XKX","Kosovo",2013,-0.35639289021492,3704.55872781672,NA,29.766,2.098
"XKX","Kosovo",2014,-0.289582133293152,3902.49424360946,NA,35.264,1.871
"XKX","Kosovo",2015,-0.424545168876648,3520.62850699375,NA,32.84,1.751
"XKX","Kosovo",2016,-0.438443809747696,3759.44959067104,NA,27.491,1.658
"XKX","Kosovo",2017,-0.41838464140892,4009.31799347588,NA,30.344,1.649
"XKX","Kosovo",2018,-0.444443076848984,4384.18624084947,NA,27.761,1.605
"XKX","Kosovo",2019,-0.370202392339706,4415.99716107514,NA,25.069,1.546
"XKX","Kosovo",2020,-0.332898199558258,4310.88824737367,NA,25.459,1.529
"XKX","Kosovo",2021,-0.257032990455627,5270.42670206205,NA,20.392,1.522
"XKX","Kosovo",2022,-0.194915696978569,5290.94747224687,NA,12.093,1.51
